10: [600, 200, 0, 0, 0, 24.12872751522086]
0: [1000, 0, 0, 0, 0, 24.626590719831704]
1: [800, 200, 0, 0, 0, 22.74377575436693]
2: [600, 400, 0, 0, 0, 24.48539408946062]
3: [400, 0, 0, 0, 0, 24.67221139676691]
4: [400, 400, 0, 0, 0, 24.491524760736045]
5: [200, 0, 0, 0, 0, 24.421921531317587]
6: [400, 600, 0, 0, 0, 24.06800090189302]
7: [200, 800, 0, 0, 0, 23.959380138542596]
8: [800, 0, 0, 0, 0, 24.109331929454836]
9: [600, 0, 0, 0, 0, 23.52964496389062]
10: [600, 200, 0, 0, 0, 24.12872751522086]
11: [200, 200, 600, 0, 0, 24.14000338371561]
12: [200, 400, 400, 0, 0, 23.475351822009547]
13: [600, 200, 200, 0, 0, 23.79827303560906]
14: [400, 200, 400, 0, 0, 23.716989471961284]
15: [200, 600, 200, 0, 0, 23.880212141770446]
16: [400, 400, 200, 0, 0, 24.264055287309873]
17: [200, 200, 200, 0, 0, 23.928471580575327]
18: [400, 200, 0, 0, 0, 24.67785659696712]
19: [200, 600, 0, 0, 0, 23.40744285306338]
20: [200, 200, 0, 0, 0, 23.942974254492796]
21: [200, 400, 0, 0, 0, 24.875464728977278]
22: [200, 200, 400, 0, 0, 23.954639133948948]
23: [200, 400, 200, 0, 0, 24.47775370123049]
24: [400, 200, 200, 0, 0, 24.00876671184468]
