18: [200, 600, 0, 0, 0, 24.67785659696712]
19: [600, 200, 400, 800, 0, 36.42913402759136]
20: [600, 200, 0, 0, 0, 23.942974254492796]
21: [200, 1400, 0, 0, 0, 34.801985293857676]
22: [1000, 600, 400, 0, 0, 36.62609451988804]
23: [600, 200, 800, 400, 0, 38.045514756209656]
24: [600, 600, 400, 0, 0, 24.00876671184468]
25: [1000, 1000, 0, 0, 0, 25.108143011346254]
26: [400, 0, 0, 0, 0, 24.34266237517677]
27: [200, 0, 0, 0, 0, 24.064084734009263]
28: [200, 1200, 400, 0, 0, 31.53291297210403]
29: [1400, 400, 200, 0, 0, 33.902956234541584]
30: [1600, 200, 200, 0, 0, 34.07011664058527]
31: [600, 1000, 0, 0, 0, 36.26666207039722]
32: [400, 1600, 0, 0, 0, 35.40304880428394]
33: [200, 400, 1400, 0, 0, 34.78847545323397]
34: [800, 400, 0, 0, 0, 36.28727162943201]
35: [600, 600, 400, 400, 0, 23.997256569568698]
