8: [600, 1400, 0, 0, 0, 30.032097244666435]
9: [800, 400, 600, 200, 0, 31.84377043609503]
10: [600, 800, 600, 0, 0, 24.862701266562038]
11: [1400, 600, 0, 0, 0, 19.275268006382248]
12: [1600, 400, 0, 0, 0, 20.012820718974517]
13: [2000, 0, 0, 0, 0, 19.890302183267192]
14: [1400, 200, 400, 0, 0, 19.617112247857495]
15: [200, 1600, 200, 0, 0, 31.553240030841586]
16: [1200, 800, 0, 0, 0, 28.51225414626845]
17: [600, 0, 0, 0, 0, 34.58869393866889]
18: [200, 600, 0, 0, 0, 38.68155868334457]
19: [600, 200, 400, 800, 0, 30.071389512854054]
