7: [800, 400, 300, 0, 0, 31.620600979460278]
8: [200, 1000, 300, 0, 0, 24.064548342242432]
9: [200, 0, 0, 0, 0, 34.05753253493013]
10: [400, 1100, 0, 0, 0, 25.461463662312603]
11: [1400, 100, 0, 0, 0, 19.275268006382248]
12: [1000, 500, 0, 0, 0, 31.30433947649135]
13: [200, 1300, 0, 0, 0, 25.972449587134584]
14: [400, 800, 0, 0, 0, 25.15581265737928]
15: [1000, 0, 0, 0, 0, 31.541167341053736]
16: [1200, 0, 0, 0, 0, 28.51225414626845]
17: [200, 1000, 0, 0, 0, 24.26403647271124]
18: [200, 400, 200, 0, 0, 30.387385053058857]
19: [1000, 400, 100, 0, 0, 30.875320794504802]
20: [1200, 200, 100, 0, 0, 27.922733555000963]
21: [800, 0, 0, 0, 0, 31.67483456837624]
22: [600, 0, 0, 0, 0, 33.847746596211266]
