0: [1400, 0, 0, 0, 0, 19.465254184519956]
1: [800, 1700, 0, 0, 0, 21.16537769008896]
2: [600, 1200, 0, 0, 0, 25.87354927009119]
3: [1600, 0, 0, 0, 0, 19.42574036668404]
4: [800, 1000, 700, 0, 0, 21.062127751213353]
5: [800, 0, 0, 0, 0, 22.476192009590317]
6: [1800, 700, 0, 0, 0, 19.518061915944685]
7: [1200, 0, 0, 0, 0, 28.675138240287126]
8: [600, 1900, 0, 0, 0, 30.032097244666435]
9: [800, 400, 600, 600, 0, 22.08355557836898]
10: [600, 1600, 300, 0, 0, 30.239344303456]
11: [1400, 1100, 0, 0, 0, 19.275268006382248]
