0: [0, 0, 0, 0, 0, 12]
1: [1000, 0, 0, 0, 0, 10]
2: [400, 600, 0, 0, 0, 15]
3: [200, 800, 0, 0, 0, 10]
4: [800, 200, 0, 0, 0, 14]
5: [600, 400, 0, 0, 0, 16]
6: [200, 0, 0, 0, 0, 9]
7: [800, 0, 0, 0, 0, 12]
8: [600, 0, 0, 0, 0, 9]
9: [200, 200, 0, 0, 0, 14]
10: [200, 200, 600, 0, 0, 12]
11: [400, 0, 0, 0, 0, 13]
12: [400, 200, 0, 0, 0, 9]
13: [400, 400, 0, 0, 0, 14]
14: [200, 400, 0, 0, 0, 16]
15: [600, 200, 200, 0, 0, 15]
16: [400, 200, 400, 0, 0, 9]
17: [200, 600, 0, 0, 0, 12]
18: [400, 400, 200, 0, 0, 14]
19: [200, 400, 200, 0, 0, 13]
20: [200, 400, 400, 0, 0, 12]
21: [200, 200, 400, 0, 0, 15]
22: [200, 600, 200, 0, 0, 14]
23: [200, 400, 200, 200, 0, 13]
24: [200, 200, 200, 0, 0, 12]
25: [600, 200, 0, 0, 0, 9]
26: [400, 200, 200, 0, 0, 13]
27: [200, 200, 200, 400, 0, 9]
28: [200, 200, 200, 200, 0, 9]
29: [200, 200, 400, 200, 0, 9]
30: [400, 200, 200, 200, 0, 12]
