0: [1400, 0, 0, 0, 0, 34.50440728449412]
1: [800, 1200, 0, 0, 0, 27.191167901439066]
2: [600, 1200, 0, 0, 0, 31.145902293622235]
3: [1600, 0, 0, 0, 0, 36.18690694463871]
4: [800, 1000, 200, 0, 0, 23.715861780125394]
5: [800, 0, 0, 0, 0, 36.88272252255733]
6: [1800, 200, 0, 0, 0, 33.97180250632765]
7: [1200, 0, 0, 0, 0, 30.90856660417999]
8: [600, 1400, 0, 0, 0, 34.08220752812338]
9: [800, 400, 600, 200, 0, 36.84260441065405]
10: [600, 800, 600, 0, 0, 37.392475395078485]
11: [1400, 600, 0, 0, 0, 34.30645192283778]
12: [1600, 400, 0, 0, 0, 33.93436398793405]
13: [2000, 0, 0, 0, 0, 34.67631547291114]
14: [1400, 200, 400, 0, 0, 34.28112727634944]
15: [200, 1600, 200, 0, 0, 34.55355749286952]
16: [1200, 800, 0, 0, 0, 24.357955907290453]
17: [600, 0, 0, 0, 0, 23.928471580575327]
