0: [1000, 0, 0, 0, 0, 14.292843739056792]
1: [800, 200, 0, 0, 0, 13.57268025225299]
2: [600, 400, 0, 0, 0, 13.783613268534776]
3: [400, 0, 0, 0, 0, 19.651429250971535]
4: [400, 400, 0, 0, 0, 19.469729604480563]
5: [200, 0, 0, 0, 0, 18.64269264039566]
6: [400, 600, 0, 0, 0, 18.693949803360486]
7: [200, 800, 0, 0, 0, 18.10179210183633]
8: [800, 0, 0, 0, 0, 13.691083926264188]
9: [600, 0, 0, 0, 0, 17.567015647546054]
10: [600, 200, 0, 0, 0, 18.52794477823435]
11: [200, 200, 600, 0, 0, 17.992876243176074]
12: [200, 400, 400, 0, 0, 18.423367341722688]
